14.152640317327526 2
138.67927038944887 0
135.23203194531865 1
83.32202688846978 2
80.49832906080957 0
48.01099154605309 1
92.7105547587107 2
147.0545761643847 0
124.04310693547329 1
101.07370470156818 0
151.4378810195762 2
157.28015724743202 1
86.35361608819682 2
104.69187924259954 2
70.26057967890506 1
131.51267183109448 0
108.71310831714847 1
81.00430175777787 2
207.62609068548332 0
101.05200199513516 1
82.27486599326383 2
58.79872374178221 0
207.62609068548332 1
72.67218180339174 0
38.62347638164779 2
151.4378810195762 2
