138.67927038944887 0
135.23203194531865 1
15.969248420088144 2
80.49832906080957 0
48.01099154605309 1
83.32202688846978 2
147.0545761643847 0
92.7105547587107 2
124.5592255197952 1
101.07370470156818 0
157.25698071831036  1
151.4378810195762 2
86.2816741890366 2
104.69187924259954 2
104.69187924259954 2
207.62609068548332 0
70.26057967890506 1
58.79872374178221 0
108.82888112317326 1
81.1463122558219 2
72.67218180339174 0
101.05200199513516 1
82.27486599326383 2
114.19899500415586 0
38.62347638164779 2
207.62728436783823 1
151.4378810195762 2
193.00069247419222 1
110.18958554584243 2
60.44781797295649 1
128.16016213549358 2
38.62347638164779 0
138.67927038944887 1
